0
0.957013533
1.914851067
2.871006467
3.826208267
4.782126133
5.737328533
6.694117667
7.652931
8.613558067
9.574931667
10.5397466
11.51301333
12.48982
13.47819327
14.47461533
15.4774092
16.49105807
17.51084947
18.53312213
19.55937707
20.59448067
21.6279174
22.663444
23.69587047
24.73173627
25.77026427
26.81193307
27.85641207
28.90374533
29.95141173
31.001276
32.0567402
33.1195332
34.185594
35.25068427
36.31731493
37.38511327
38.45094273
39.51693033
40.58247553
41.6486146
42.71222147
43.77891227
44.84307093
45.90608
46.96842427
48.0297352
49.09139687
50.15301947
51.2130818
52.26967953
53.32489413
54.37793073
55.43319053
56.49058773
57.55176573
58.61789807
59.68878807
60.76420787
61.84422513
62.9309108
64.02023653
65.11100413
66.20293987
67.29665513
68.38996053
69.48306953
70.57183327
71.65599073
72.73786153
73.82008213
74.9009294
75.98135907
77.0659876
78.15127907
79.23621473
80.32089267
81.40640747
82.49257473
83.58161467
84.67287973
85.76771713
86.87106687
87.98132873
89.1009684
90.2266294
91.3588074
92.49396873
93.63085307
94.76676593
95.90437027
97.04103127
98.179352
99.31960667
100.4580647
101.5960928
102.7324595
103.8659953
104.9989324
106.1289508
107.2565833
108.3865883
109.5165185
110.6480563
111.7808073
112.9156486
114.0533049
115.1922016
116.3341411
117.4759721
118.6189159
119.7646114
120.9133261
122.0632228
123.2144445
124.3668997
125.5182725
126.6680758
127.8138433
128.9596613
130.1066566
131.253813
132.3992685
133.5445283
134.6881387
135.8304812
136.9701946
138.105496
139.2398451
140.3730246
141.50503
142.6379184
143.7736591
144.9120637
146.0536517
147.1987096
148.3523465
149.5091815
150.6709751
151.8412126
153.0173131
154.1973105
155.3809363
156.5655492
157.7488717
158.9316145
160.1130629
161.2912477
162.464168
163.6344574
164.8024575
165.9690161
167.1345877
168.3001465
169.4633485
170.6270969
171.7906993
172.9555674
174.1230205
175.2896466
176.4605991
177.6356602
178.8124898
179.9893168
181.1675123
182.3474365
183.5272866
184.7098322
185.8927845
187.0764249
188.2606271
189.4442669
190.6300913
191.8174741
193.0078457
194.2018743
195.3995867
196.5984743
197.7974914
198.9992674
200.2014686
201.4054876
202.6080935
203.8072075
205.0068551
206.2027271
207.395266
208.5844046
209.7718655
210.9544795
212.1360267
213.3175461
214.4972729
215.6779608
216.8590563
218.043786
219.2306867
220.4203235
221.6105042
222.8019607
223.9963919
225.1922256
226.3898989
227.588343
228.7868453
229.9871606
231.1866265
232.3844791
233.583429
234.7821267
235.9794253
237.1755678
238.3724101
239.5689385
240.7683158
241.9683487
243.1692067
244.3721727
245.5781307
246.7869535
247.999293
249.2129266
250.4271757
251.6423611
252.8572785
254.0697749
255.2804478
256.4896858
257.6962943
258.9014616
260.1041884
261.3070101
262.5096919
263.7108399
264.9124601
266.1138788
267.3180507
268.5238027
269.7311913
270.943136
272.1569736
273.3711839
274.5851559
275.7983398
277.0102434
278.2191435
279.4266787
280.6312458
281.8342787
283.0354267
284.2347733
285.4334949
286.6328061
287.8348593
289.0383863
290.2447712
291.4551503
292.6680685
293.8832087
295.0985119
296.3146547
297.5310817
298.7465731
299.9616706
301.1768239
302.3905303
303.6038019
304.8157752
306.027771
307.2397499
308.4525861
309.6665542
310.8819359
312.0976231
313.3142013
314.5315094
315.7498899
316.9679297
318.1847955
319.400906
320.6151035
321.8270565
323.038213
324.247348
325.4558618
326.6636719
327.8703537
329.0770788
330.2841226
331.4918581
332.6997361
333.9080079
335.1174917
336.3277887
337.5389955
338.7504546
339.9617667
341.1726774
342.383676
343.5946873
344.8060764
346.0173784
347.2287497
348.4404097
349.6524203
350.864582
352.0776816
353.2912886
354.505678
355.7207114
356.9358961
358.1506527
359.3644517
360.5769608
361.7878251
362.9971682
364.2045933
365.4111498
366.6169223
367.8220867
369.0273802
370.2332458
371.4400507
372.6479893
373.8570554
375.0672616
376.2785306
377.4904617
378.7030285
379.9155065
381.127446
382.3383309
383.5481547
384.7567053
385.9641243
387.1703912
388.3758961
389.5809275
390.7857896
391.9908325
393.196333
394.4023905
395.6090137
396.8161961
398.0238656
399.2317663
400.4396929
401.6474583
402.8549061
404.0618751
405.2683493
406.4743925
407.6800986
408.8856206
410.0911248
411.2966747
412.5022962
413.707993
414.9137358
416.1194863
417.325186
418.5307405
419.7360927
420.9411739
422.1459201
423.3503318
424.5544883
425.7585122
426.9625124
428.1665552
429.3706675
430.574845
431.7790474
432.9831981
434.1871971
435.3909456
436.5943727
437.7974476
439.0001709
440.2025692
441.4046972
442.6066377
443.8084976
445.0103978
446.2124619
447.4147941
448.6174457
449.8204088
451.0236193
452.2269525
453.4302447
454.6333279
455.8360591
457.0383407
458.2401267
459.4414165
460.6422462
461.8426831
463.0428176
464.2427499
465.442579
466.6423927
467.8422594
469.0422223
470.2422879
471.4424214
472.6425471
473.8425605
475.0423527
476.2418339
477.4409503
478.639691
479.8380863
481.0361969
482.2340995
483.4318775
484.6296117
485.8273735
487.0252193
488.2231853
489.4212819
490.6194913
491.8177706
493.0160581
494.2142819
495.4123731
496.6102738
497.8079432
499.0053601
500.2025217
501.3994399
502.5961353
503.7926343
504.9889617
506.1851391
507.3811798
508.5770873
509.772857
510.9684776
512.1639368
513.3592237
514.5543329
515.7492665
516.9440351
518.1386545
519.3331453
520.5275318
521.7218395
522.9160915
524.1103061
525.3044923
526.4986477
527.6927569
528.886794
530.0807279
531.2745282
532.468169
533.6616327
534.8549104
536.0480029
537.2409176
538.4336661
539.6262615
540.8187159
542.0110391
543.2032373
544.3953131
545.5872635
546.7790802
547.9707488
549.1622506
550.3535658
551.5446758
552.7355663
553.9262291
555.1166628
556.3068741
557.4968777
558.6866941
559.876349
561.0658709
562.2552885
563.4446266
564.6339051
565.8231361
567.0123227
568.2014597
569.3905356
570.5795333
571.768432
572.9572097
574.1458434
575.3343109
576.5225915
577.7106683
578.8985261
580.0861559
581.2735519
582.4607147
583.6476501
584.8343675
586.0208807
587.2072051
588.3933556
589.5793465
590.76519
591.9508945
593.1364653
594.3219036
595.5072087
596.6923777
597.8774087
599.0623003
600.247053
601.4316702
602.6161578
603.800525
604.9847835
606.1689487
607.3530374
608.5370674
609.7210551
610.9050141
612.0889534
613.2728753
614.4567738
615.6406349
616.8244363
618.008149
619.19174
620.3751734
621.5584147
622.7414324
623.9242017
625.1067047
626.2889327
627.4708853
628.6525716
629.8340064
631.0152113
632.1962113
633.3770341
634.5577077
635.738259
636.9187121
638.0990871
639.2793993
640.4596593
641.6398723
642.8200403
644.0001611
645.1802299
646.3602401
647.540183
648.7200489
649.8998259
651.0795012
652.2590601
653.4384876
654.6177685
655.7968873
656.9758311
658.1545878
659.3331497
660.5115114
661.6896731
662.8676394
664.0454193
665.2230275
666.4004813
667.5778005
668.7550051
669.932114
671.1091413
672.2860963
673.4629827
674.6397952
675.8165231
676.9931478
678.1696457
679.3459893
680.5221497
681.6980975
682.8738075
684.0492591
685.2244385
686.3993393
687.5739641
688.7483221
689.9224293
691.0963071
692.2699803
693.4434749
694.6168173
695.7900311
696.963137
698.1361511
699.3090847
700.4819436
701.6547291
702.8274381
704.0000643
705.1725992
706.3450329
707.5173547
708.6895543
709.8616219
711.0335479
712.2053241
713.3769427
714.5483969
715.7196801
716.8907869
718.0617122
719.2324511
720.4030003
721.5733565
722.7435181
723.9134847
725.0832577
726.2528401
727.422237
728.5914551
729.760502
730.9293868
732.0981179
733.2667037
734.435152
735.6034681
736.7716572
737.9397209
739.1076614
740.2754766
741.4431651
742.6107237
743.7781491
744.9454381
746.1125874
747.2795957
748.4464618
749.6131863
750.7797707
751.946217
753.1125273
754.2787035
755.4447476
756.6106605
757.7764424
758.9420927
760.1076098
761.2729918
762.4382367
763.6033413
764.7683037
765.9331226
767.0977968
768.2623272
769.4267153
770.590964
771.7550771
772.91906
774.0829182
775.2466565
776.4102807
777.5737955
778.7372048
779.9005114
781.0637175
782.226824
783.3898309
784.5527373
785.7155419
786.8782425
788.040837
789.2033229
790.3656977
791.5279593
792.6901051
793.852133
795.0140404
796.1758249
797.3374833
798.4990125
799.6604087
800.8216683
801.9827869
803.143761
804.304586
805.4652585
806.6257753
807.7861335
808.9463319
810.1063699
811.2662484
812.4259691
813.5855352
814.7449506
815.9042201
817.0633492
818.2223425
819.3812052
820.5399417
821.6985553
822.8570485
824.0154221
825.1736762
826.3318093
827.4898193
828.6477026
829.8054555
830.9630747
832.1205563
833.2778971
834.4350953
835.5921491
836.7490585
837.9058241
839.0624471
840.2189297
841.3752732
842.5314793
843.6875485
844.8434797
845.9992709
847.1549176
848.3104145
849.4657536
850.6209273
851.775926
852.9307415
854.0853655
855.2397917
856.3940161
857.5480369
858.7018558
859.8554774
861.0089088
862.1621607
863.3152446
864.4681743
865.6209629
866.7736227
867.9261657
869.0785998
870.2309308
871.383161
872.535289
873.6873106
874.8392187
875.9910048
877.1426588
878.2941711
879.4455335
880.5967389
881.7477841
882.898668
884.0493929
885.1999641
886.3503896
887.5006792
888.6508432
889.8008926
890.9508369
892.1006842
893.2504398
894.4001059
895.5496815
896.6991632
897.8485435
898.9978135
900.1469625
901.2959796
902.4448538
903.5935755
904.7421374
905.8905341
907.0387633
908.1868255
909.3347235
910.4824625
911.630049
912.7774905
913.9247945
915.0719685
916.2190187
917.3659502
918.5127663
919.6594695
920.80606
921.9525377
923.0989009
924.2451483
925.3912775
926.5372869
927.6831755
928.8289419
929.9745859
931.1201072
932.265506
933.4107822
934.5559355
935.7009648
936.8458688
937.9906451
939.1352911
940.2798031
941.4241775
942.5684107
943.7124995
944.8564423
946.0002376
947.1438863
948.2873905
949.4307543
950.5739827
951.7170822
952.8600601
954.0029234
955.1456793
956.2883332
957.4308901
958.5733527
959.7157219
960.8579968
962.0001745
963.1422511
964.284221
965.4260781
966.5678163
967.7094297
968.8509132
969.992263
971.1334759
972.2745513
973.4154889
974.5562904
975.6969577
976.8374935
977.9779007
979.1181811
980.2583361
981.3983659
982.5382696
983.6780443
984.8176858
985.9571891
987.0965478
988.2357557
989.3748061
990.5136927
991.6524103
992.7909552
993.9293245
995.0675183
996.2055377
997.3433862
998.4810683
999.6185907
1000.755961
1001.893187
1003.030276
1004.167239
1005.304081
1006.440809
1007.57743
1008.713947
1009.850361
1010.986675
1012.122887
1013.258996
1014.394997
1015.530888
1016.666663
1017.802317
1018.937847
1020.073247
1021.208515
1022.343648
1023.478645
1024.613505
1025.74823
1026.88282
1028.017278
1029.151607
1030.285809
1031.419886
1032.553841
1033.687673
1034.821385
1035.954974
1037.088438
1038.221775
1039.354981
1040.488051
1041.62098
1042.753765
1043.886401
1045.018885
1046.151215
1047.283391
1048.415412
1049.547282
1050.679003
1051.810579
1052.942017
1054.07332
1055.204494
1056.335542
1057.466469
1058.597275
1059.727961
1060.858526
1061.988965
1063.119276
1064.249452
1065.379486
1066.509373
1067.639106
1068.76868
1069.898093
1071.027341
1072.156427
1073.285353
1074.414123
1075.542744
1076.671224
1077.799573
1078.927799
1080.055913
1081.183922
1082.311835
1083.439655
1084.567387
1085.695033
1086.82259
1087.950058
1089.077429
1090.2047
1091.331863
1092.458912
1093.58584
1094.712643
1095.839315
1096.965856
1098.092263
1099.218538
1100.344683
1101.470701
1102.596597
1103.722375
1104.84804
1105.973596
1107.099046
1108.224392
1109.349637
1110.47478
1111.59982
1112.724755
1113.849581
1114.974295
1116.098894
1117.223374
1118.347731
1119.471965
1120.596073
1121.720054
1122.843911
1123.967643
1125.091254
1126.214745
1127.33812
1128.461382
1129.584533
1130.707576
1131.830513
1132.953344
1134.076071
1135.198693
1136.321209
1137.443618
1138.565918
1139.688109
1140.810188
1141.932153
1143.054004
1144.175739
1145.297357
1146.418858
1147.540241
1148.661505
1149.782649
1150.903674
1152.024578
1153.145361
1154.266022
1155.386558
1156.506969
1157.627255
1158.747413
1159.867443
1160.987344
1162.107115
1163.226758
1164.346271
1165.465656
1166.584913
1167.704042
1168.823044
1169.941921
1171.060672
1172.179296
1173.297795
1174.416167
1175.534411
1176.652526
1177.770509
1178.888361
1180.006079
1181.123662
1182.241109
1183.358421
1184.475597
1185.592638
1186.709547
1187.826326
1188.942976
1190.059502
1191.175906
1192.292191
1193.408361
1194.524417
1195.640361
1196.756196
1197.871922
1198.987539
1200.103047
1201.218444
1202.33373
1203.448901
1204.563958
1205.678897
1206.793717
1207.908416
1209.022991
1210.137442
1211.251767
1212.365964
1213.480033
1214.593972
1215.70778
1216.821457
1217.935002
1219.048416
1220.161697
1221.274846
1222.387864
1223.500752
1224.613513
1225.726147
1226.838659
1227.951052
1229.06333
1230.175497
1231.287559
1232.399519
1233.511382
1234.623151
1235.73483
1236.846419
1237.95792
1239.06933
1240.180649
1241.291872
1242.402994
1243.51401
1244.624913
1245.735696
1246.846352
1247.956875
1249.067258
1250.177498
1251.28759
1252.397531
1253.507323
1254.616964
1255.726458
1256.835808
1257.945017
1259.054092
1260.163037
1261.271858
1262.38056
1263.489148
1264.597626
1265.705998
1266.814264
1267.922427
1269.030488
1270.138446
1271.2463
1272.354049
1273.461691
1274.569225
1275.676648
1276.783959
1277.891157
1278.99824
1280.105206
1281.212055
1282.318785
1283.425394
1284.531881
1285.638245
1286.744484
1287.850596
1288.956578
1290.06243
1291.16815
1292.273735
1293.379186
1294.484501
1295.589679
1296.694723
1297.799633
1298.904411
1300.009059
1301.11358
1302.217979
1303.322258
1304.426419
1305.530467
1306.634403
1307.738229
1308.841947
1309.945555
1311.049054
1312.152442
1313.255717
1314.358877
1315.461918
1316.564839
1317.667636
1318.770308
1319.872853
1320.975271
1322.077561
1323.179726
1324.281767
1325.383686
1326.485487
1327.587173
1328.688747
1329.790213
1330.891573
1331.992829
1333.093983
1334.195035
1335.295986
1336.396835
1337.497579
1338.598216
1339.698744
1340.79916
1341.899461
1342.999644
1344.099706
1345.199648
1346.299466
1347.39916
1348.498731
1349.598179
1350.697505
1351.79671
1352.895797
1353.994765
1355.093617
1356.192354
1357.290977
1358.389486
1359.487881
1360.586161
1361.684326
1362.782375
1363.880306
1364.978117
1366.075809
1367.173378
1368.270825
1369.368148
1370.465348
1371.562423
1372.659373
1373.756199
1374.852901
1375.949479
1377.045934
1378.142266
1379.238474
1380.334559
1381.430521
1382.52636
1383.622075
1384.717666
1385.813134
1386.908477
1388.003697
1389.098795
1390.193771
1391.288628
1392.383366
1393.477988
1394.572496
1395.666892
1396.761179
1397.855358
1398.949431
1400.0434
1401.137264
1402.231024
1403.324678
1404.418227
1405.511667
1406.604997
1407.698213
1408.791313
1409.884294
1410.977153
1412.069887
1413.162494
1414.254972
1415.34732
1416.439537
1417.531625
1418.623582
1419.715411
1420.807112
1421.898687
1422.990137
1424.081465
1425.172672
1426.263758
1427.354725
1428.445573
1429.536302
1430.626912
1431.717402
1432.80777
1433.898017
1434.988141
1436.078141
1437.168017
1438.257768
1439.347394
1440.436897
1441.526275
1442.615532
1443.704667
1444.793683
1445.88258
1446.971361
1448.060028
1449.148581
1450.237022
1451.325351
1452.41357
1453.501679
1454.589678
1455.677566
1456.765343
1457.853008
1458.940561
1460.028001
1461.115327
1462.202538
1463.289634
1464.376615
1465.463479
1466.550227
1467.636859
1468.723374
1469.809772
1470.896054
1471.982217
1473.068263
1474.154189
1475.239997
1476.325685
1477.411251
1478.496695
1479.582017
1480.667215
1481.752288
1482.837237
1483.922061
1485.006759
1486.091333
1487.175782
1488.260107
1489.344309
1490.428389
1491.512345
1492.59618
1493.679893
1494.763485
1495.846953
1496.930298
1498.013518
1499.096612
1500.179577
1501.262412
1502.345113
1503.42768
1504.510109
1505.5924
1506.674552
1507.756563
1508.838434
1509.920167
1511.001761
1512.083222
1513.16455
1514.24575
1515.326827
1516.407783
1517.488625
1518.569355
1519.649979
1520.7305
1521.810921
1522.891244
1523.971471
1525.051602
1526.131637
1527.211575
1528.291414
1529.371151
1530.450783
1531.530306
1532.609717
1533.689011
1534.768185
1535.847235
1536.926159
1538.004954
1539.083617
1540.162149
1541.240549
1542.318817
1543.396954
1544.474962
1545.552842
1546.630596
1547.708227
1548.785737
1549.863127
1550.9404
1552.017557
1553.094599
1554.171526
1555.248339
1556.325037
1557.401618
1558.478083
1559.554428
1560.630652
1561.706753
1562.782728
1563.858576
1564.934296
1566.009885
1567.085342
1568.160669
1569.235863
1570.310925
1571.385858
1572.460661
1573.535338
1574.609889
1575.684319
1576.758628
1577.832821
1578.906899
1579.980866
1581.054723
1582.128473
1583.202116
1584.275655
1585.34909
1586.42242
1587.495646
1588.568766
1589.64178
1590.714684
1591.787478
1592.860159
1593.932724
1595.005171
1596.077496
1597.149698
1598.221774
1599.293721
1600.365538
1601.437222
1602.508773
1603.580188
1604.651467
1605.722609
1606.793614
1607.864482
1608.935212
1610.005805
1611.076262
1612.146583
1613.216768
1614.28682
1615.356738
1616.426525
1617.496181
1618.565709
1619.635108
1620.704382
1621.773531
1622.842558
1623.911464
1624.98025
1626.048919
1627.117471
1628.185908
1629.254231
1630.322441
1631.390538
1632.458522
1633.526394
1634.594152
1635.661797
1636.729328
1637.796742
1638.86404
1639.93122
1640.99828
1642.065219
1643.132037
1644.198731
1645.265302
1646.33175
1647.398074
1648.464274
1649.530353
1650.59631
1651.662147
1652.727866
1653.793468
1654.858956
1655.924331
1656.989595
1658.054749
1659.119795
1660.184734
1661.249565
1662.314288
1663.378904
1664.443411
1665.507807
1666.572091
1667.636259
1668.700311
1669.764243
1670.828051
1671.891734
1672.955289
1674.018713
1675.082005
1676.145162
1677.208183
1678.271067
1679.333813
1680.396422
1681.458893
1682.521227
1683.583424
1684.645486
1685.707414
1686.769208
1687.830871
1688.892403
1689.953807
1691.015082
1692.076231
1693.137255
1694.198155
1695.258932
1696.319586
1697.380121
1698.440535
1699.500832
1700.561011
1701.621075
1702.681024
1703.74086
1704.800584
1705.860197
1706.9197
1707.979094
1709.03838
1710.097557
1711.156627
1712.215588
1713.274439
1714.333181
1715.391812
1716.45033
1717.508733
1718.56702
1719.625189
1720.683238
1721.741164
1722.798967
1723.856645
1724.914197
1725.971622
1727.02892
1728.086091
1729.143136
1730.200056
1731.256853
1732.313527
1733.370083
1734.42652
1735.482843
1736.539053
1737.595153
1738.651144
1739.707029
1740.762809
1741.818485
1742.874057
1743.929527
1744.984893
1746.040154
1747.095311
1748.150361
1749.205302
1750.260132
1751.314849
1752.369451
1753.423934
1754.478297
1755.532536
1756.586649
1757.640634
1758.694489
1759.748211
1760.8018
1761.855253
1762.90857
1763.96175
1765.014793
1766.067698
1767.120466
1768.173096
1769.22559
1770.277949
1771.330173
1772.382265
1773.434226
1774.486059
1775.537764
1776.589346
1777.640805
1778.692145
1779.743368
1780.794477
1781.845474
1782.896361
1783.947141
1784.997815
1786.048385
1787.098852
1788.149216
1789.199479
1790.24964
1791.299698
1792.349652
1793.399501
1794.449244
1795.498879
1796.548402
1797.597811
1798.647105
1799.69628
1800.745333
1801.794263
1802.843067
1803.891742
1804.940288
1805.988703
1807.036985
1808.085134
1809.13315
1810.181032
1811.22878
1812.276396
1813.323879
1814.37123
1815.418451
1816.465543
1817.512507
1818.559343
1819.606054
1820.65264
1821.699102
1822.745442
1823.791661
1824.837759
1825.883737
1826.929597
1827.975339
1829.020965
1830.066475
1831.11187
1832.157152
1833.20232
1834.247376
1835.292321
1836.337155
1837.381879
1838.426493
1839.470998
1840.515392
1841.559677
1842.603851
1843.647913
1844.691862
1845.735697
1846.779417
1847.823019
1848.866502
1849.909864
1850.953103
1851.996217
1853.039205
1854.082065
1855.124795
1856.167396
1857.209866
1858.252206
1859.294416
1860.336497
1861.37845
1862.420277
1863.46198
1864.503561
1865.545023
1866.586368
1867.627599
1868.668719
1869.709729
1870.750633
1871.791432
1872.832127
1873.872721
1874.913212
1875.953603
1876.993892
1878.034079
1879.074162
1880.11414
1881.154012
1882.193775
1883.233427
1884.272967
1885.312391
1886.351697
1887.390883
1888.429949
1889.468891
1890.507709
1891.546401
1892.584968
1893.623409
1894.661724
1895.699913
1896.737977
1897.775916
1898.813733
1899.851427
1900.889001
1901.926455
1902.96379
1904.001008
1905.038109
1906.075094
1907.111965
1908.14872
1909.185361
1910.221887
1911.258299
1912.294595
1913.330776
1914.366841
1915.402788
1916.438618
1917.474329
1918.509921
1919.545393
1920.580743
1921.615972
1922.651079
1923.686063
1924.720924
1925.755663
1926.790279
1927.824773
1928.859146
1929.893399
1930.927531
1931.961545
1932.995442
1934.029223
1935.06289
1936.096445
1937.129888
1938.163221
1939.196447
1940.229565
1941.262579
1942.295488
1943.328294
1944.360997
1945.393597
1946.426096
1947.458491
1948.490784
1949.522973
1950.555057
1951.587035
1952.618906
1953.650666
1954.682316
1955.713851
1956.745271
1957.776574
1958.807757
1959.83882
1960.869759
1961.900574
1962.931264
1963.961828
1964.992266
1966.022577
1967.052763
1968.082823
1969.112758
1970.14257
1971.172261
1972.201832
1973.231285
1974.260622
1975.289844
1976.318955
1977.347954
1978.376845
1979.405627
1980.434304
1981.462873
1982.491336
1983.519694
1984.547944
1985.576086
1986.60412
1987.632043
1988.659855
1989.687552
1990.715133
1991.742597
1992.769941
1993.797163
1994.824262
1995.851237
1996.878085
1997.904807
1998.931402
1999.95787
2000.984211
2002.010427
2003.036516
2004.062482
2005.088326
2006.114048
2007.139651
2008.165137
2009.190508
2010.215765
2011.24091
2012.265944
2013.29087
2014.315687
2015.340398
2016.365002
2017.389499
2018.413889
2019.438173
2020.46235
2021.486418
2022.510377
2023.534225
2024.557962
2025.581586
2026.605095
2027.628489
2028.651766
2029.674926
2030.697966
2031.720887
2032.743688
2033.766368
2034.788928
2035.811367
2036.833686
2037.855884
2038.877963
2039.899924
2040.921766
2041.94349
2042.965099
2043.986592
2045.007971
2046.029237
2047.05039
2048.071431
2049.092361
2050.11318
2051.133889
2052.154489
2053.174979
2054.19536
2055.215632
2056.235795
2057.255848
2058.275791
2059.295624
2060.315347
2061.334958
2062.354458
2063.373845
2064.393119
2065.412279
2066.431324
2067.450255
2068.46907
2069.487768
2070.50635
2071.524814
2072.543159
2073.561387
2074.579496
2075.597486
2076.615356
2077.633108
2078.650741
2079.668255
2080.68565
2081.702927
2082.720087
2083.73713
2084.754056
2085.770868
2086.787564
2087.804147
2088.820618
2089.836976
2090.853224
2091.869361
2092.885389
2093.901309
2094.91712
2095.932825
2096.948422
2097.963913
2098.979297
2099.994574
2101.009745
2102.024809
2103.039765
2104.054614
2105.069355
2106.083987
2107.098509
2108.112922
2109.127223
2110.141412
2111.15549
2112.169454
2113.183305
2114.197042
2115.210665
2116.224173
2117.237566
2118.250844
2119.264006
2120.277054
2121.289986
2122.302803
2123.315505
2124.328093
2125.340566
2126.352925
2127.36517
2128.3773
2129.389317
2130.40122
2131.413009
2132.424684
2133.436245
2134.447692
2135.459025
2136.470243
2137.481346
2138.492334
2139.503206
2140.513963
2141.524604
2142.535128
2143.545535
2144.555826
2145.566
2146.576058
2147.585998
2148.595822
2149.605529
2150.615121
2151.624596
2152.633956
2153.6432
2154.652331
2155.661347
2156.670249
2157.679039
2158.687715
2159.69628
2160.704732
2161.713073
2162.721302
2163.72942
2164.737427
2165.745322
2166.753106
2167.760779
2168.76834
2169.77579
2170.783128
2171.790353
2172.797466
2173.804466
2174.811353
2175.818127
2176.824789
2177.831336
2178.837771
2179.844093
2180.850301
2181.856397
2182.862381
2183.868252
2184.874012
2185.879662
2186.8852
2187.890628
2188.895948
2189.901158
2190.90626
2191.911255
2192.916142
2193.920923
2194.925597
2195.930165
2196.934628
2197.938984
2198.943235
2199.94738
2200.951419
2201.955353
2202.959179
2203.962899
2204.966512
2205.970018
2206.973414
2207.976703
2208.979881
2209.98295
2210.985908
2211.988755
2212.991489
2213.994111
2214.99662
2215.999016
2217.001297
2218.003464
2219.005516
2220.007453
2221.009274
2222.010979
2223.012568
2224.014041
2225.015398
2226.016639
2227.017764
2228.018772
2229.019665
2230.020442
2231.021103
2232.021649
2233.02208
2234.022397
2235.022599
2236.022687
2237.022662
2238.022524
2239.022275
2240.021914
2241.021441
2242.020859
2243.020167
2244.019366
2245.018457
2246.01744
2247.016315
2248.015083
2249.013745
2250.0123
2251.010749
2252.009091
2253.007327
2254.005456
2255.003478
2256.001392
2256.999198
2257.996894
2258.994481
2259.991956
2260.98932
2261.986571
2262.983708
2263.980731
2264.977637
2265.974428
2266.971101
2267.967656
2268.964093
2269.960412
2270.956612
2271.952694
2272.948658
2273.944504
2274.940233
2275.935845
2276.931342
2277.926725
2278.921993
2279.917149
2280.912194
2281.907127
2282.901951
2283.896665
2284.891271
2285.885768
2286.880158
2287.87444
2288.868614
2289.862681
2290.856638
2291.850487
2292.844226
2293.837855
2294.831373
2295.824778
2296.818071
2297.811251
2298.804316
2299.797266
2300.790102
2301.782821
2302.775426
2303.767914
2304.760288
2305.752546
2306.74469
2307.736719
2308.728635
2309.720439
2310.712131
2311.70371
2312.695179
2313.686537
2314.677785
2315.668923
2316.65995
2317.650866
2318.64167
2319.632363
2320.622942
2321.613407
2322.603756
2323.593989
2324.584104
2325.5741
2326.563976
2327.553731
2328.543364
2329.532875
2330.522264
2331.51153
2332.500674
2333.489698
2334.478602
2335.467388
2336.456057
2337.444612
2338.433055
2339.421388
2340.409614
2341.397735
2342.385755
2343.373673
2344.361494
2345.349218
2346.336848
2347.324383
2348.311824
2349.299172
2350.286426
2351.273586
2352.260649
2353.247615
2354.234481
2355.221245
2356.207906
2357.19446
2358.180905
2359.167239
2360.153459
2361.139563
2362.125549
2363.111415
2364.097161
2365.082786
2366.068288
2367.053669
2368.038928
2369.024065
2370.009083
2370.993982
2371.978763
2372.963429
2373.94798
2374.932419
2375.916747
2376.900965
2377.885075
2378.869077
2379.852973
2380.836762
2381.820445
2382.804022
2383.787492
2384.770854
2385.754108
2386.737251
2387.720284
2388.703205
2389.686012
2390.668705
2391.651281
2392.63374
2393.616082
2394.598305
2395.580409
2396.562395
2397.544262
2398.526012
2399.507645
2400.489162
2401.470564
2402.451855
2403.433034
2404.414105
2405.395069
2406.375927
2407.356682
2408.337336
2409.317889
2410.298343
2411.278699
2412.258957
2413.239117
2414.21918
2415.199144
2416.179009
2417.158773
2418.138435
2419.117993
2420.097445
2421.076788
2422.056021
2423.035142
2424.014146
2424.993034
2425.971801
2426.950448
2427.928971
2428.90737
2429.885644
2430.863792
2431.841814
2432.819711
2433.797483
2434.775131
2435.752657
2436.730063
2437.70735
2438.684521
2439.661579
2440.638525
2441.615362
2442.592092
2443.568717
2444.54524
2445.521661
2446.497982
2447.474203
2448.450326
2449.42635
2450.402274
2451.378098
2452.353821
2453.329441
2454.304956
2455.280365
2456.255665
2457.230854
2458.20593
2459.180891
2460.155734
2461.130459
2462.105062
2463.079544
2464.053902
2465.028137
2466.002248
2466.976235
2467.950098
2468.92384
2469.897459
2470.870959
2471.84434
2472.817604
2473.790752
2474.763786
2475.736707
2476.709518
2477.682218
2478.65481
2479.627293
2480.599668
2481.571935
2482.544095
2483.516147
2484.48809
2485.459923
2486.431647
2487.40326
2488.374761
2489.34615
2490.317425
2491.288587
2492.259634
2493.230566
2494.201383
2495.172086
2496.142675
2497.113151
2498.083514
2499.053766
2500.023907
2500.99394
2501.963866
2502.933686
2503.903402
2504.873015
2505.842528
2506.811939
2507.781251
2508.750464
2509.719578
2510.688594
2511.65751
2512.626327
2513.595043
2514.563656
2515.532166
2516.500571
2517.468868
2518.437055
2519.405131
2520.373092
2521.340936
2522.308662
2523.276267
2524.243748
2525.211105
2526.178336
2527.145439
2528.112415
2529.079263
2530.045982
2531.012575
2531.979041
2532.945382
2533.9116
2534.877697
2535.843675
2536.809538
2537.775287
2538.740925
2539.706455
2540.671879
2541.637201
2542.602421
2543.567541
2544.532563
2545.497489
2546.462317
2547.427048
2548.391683
2549.356219
2550.320657
2551.284994
2552.249229
2553.21336
2554.177385
2555.141302
2556.10511
2557.068807
2558.032392
2558.995863
2559.95922
2560.922462
2561.88559
2562.848603
2563.811503
2564.77429
2565.736966
2566.699531
2567.661988
2568.624338
2569.586582
2570.548721
2571.510756
2572.472688
2573.434517
2574.396244
2575.357867
2576.319386
2577.2808
2578.242107
2579.203306
2580.164395
2581.125373
2582.086237
2583.046985
2584.007617
2584.96813
2585.928523
2586.888796
2587.848948
2588.808979
2589.768888
2590.728678
2591.688348
2592.647899
2593.607334
2594.566654
2595.525859
2596.484953
2597.443937
2598.402812
2599.36158
2600.320241
2601.278798
2602.23725
2603.195599
2604.153844
2605.111986
2606.070025
2607.027959
2607.98579
2608.943516
2609.901137
2610.858652
2611.81606
2612.773362
2613.730556
2614.687642
2615.64462
2616.601489
2617.558248
2618.514897
2619.471436
2620.427863
2621.384179
2622.340383
2623.296474
2624.252451
2625.208314
2626.164062
2627.119694
2628.075211
2629.030611
2629.985896
2630.941064
2631.896116
2632.851054
2633.805877
2634.760587
2635.715186
2636.669674
2637.624054
2638.578327
2639.532494
2640.486558
2641.44052
2642.394381
2643.348143
2644.301806
2645.255371
2646.208837
2647.162204
2648.115473
2649.068642
2650.021709
2650.974673
2651.927532
2652.880285
2653.83293
2654.785465
2655.737888
2656.690199
2657.642395
2658.594476
2659.546443
2660.498294
2661.450031
2662.401654
2663.353164
2664.304562
2665.25585
2666.207029
2667.158102
2668.109069
2669.059932
2670.010692
2670.96135
2671.911906
2672.862361
2673.812714
2674.762965
2675.713113
2676.663156
2677.613093
2678.562922
2679.512642
2680.46225
2681.411745
2682.361126
2683.310389
2684.259536
2685.208564
2686.157472
2687.106261
2688.054931
2689.003482
2689.951915
2690.900232
2691.848433
2692.79652
2693.744496
2694.692362
2695.64012
2696.587772
2697.535321
2698.482768
2699.430114
2700.377362
2701.32451
2702.271562
2703.218516
2704.165374
2705.112134
2706.058797
2707.00536
2707.951825
2708.898189
2709.844451
2710.790609
2711.736663
2712.68261
2713.62845
2714.57418
2715.5198
2716.465308
2717.410703
2718.355984
2719.301151
2720.246203
2721.191139
2722.135959
2723.080662
2724.02525
2724.96972
2725.914074
2726.858312
2727.802434
2728.746441
2729.690332
2730.634109
2731.577771
2732.521321
2733.464759
2734.408085
2735.3513
2736.294407
2737.237406
2738.180299
2739.123087
2740.065771
2741.008353
2741.950835
2742.893218
2743.835502
2744.777689
2745.719778
2746.661771
2747.603667
2748.545466
2749.487166
2750.428766
2751.370265
2752.31166
2753.252948
2754.194129
2755.135198
2756.076154
2757.016995
2757.957719
2758.898325
2759.838811
2760.779177
2761.719425
2762.659555
2763.599569
2764.539469
2765.479258
2766.41894
2767.358518
2768.297995
2769.237375
2770.176661
2771.115856
2772.054962
2772.99398
2773.932911
2774.871755
2775.81051
2776.749175
2777.687747
2778.626221
2779.564594
2780.502861
2781.441018
2782.379059
2783.316981
2784.254779
2785.192449
2786.129989
2787.067399
2788.004676
2788.941821
2789.878837
2790.815726
2791.752491
2792.689137
2793.625668
2794.562091
2795.49841
2796.43463
2797.370757
2798.306795
2799.242747
2800.178616
2801.114404
2802.050111
2802.985736
2803.921278
2804.856734
2805.792102
2806.727378
2807.662557
2808.597636
2809.532609
2810.467473
2811.402224
2812.336859
2813.271376
2814.205773
2815.140048
2816.074203
2817.008237
2817.942153
2818.875952
2819.809638
2820.743213
2821.67668
2822.610043
2823.543305
2824.476468
2825.409535
2826.342506
2827.275384
2828.208167
2829.140856
2830.073448
2831.005942
2831.938335
2832.870624
2833.802805
2834.734874
2835.666828
2836.598663
2837.530377
2838.461964
2839.393424
2840.324755
2841.255955
2842.187025
2843.117964
2844.048775
2844.979459
2845.910018
2846.840457
2847.770778
2848.700986
2849.631083
2850.561074
2851.490961
2852.420749
2853.350439
2854.280033
2855.209532
2856.138938
2857.068251
2857.99747
2858.926595
2859.855624
2860.784557
2861.713392
2862.642129
2863.570766
2864.499303
2865.427739
2866.356076
2867.284313
2868.212452
2869.140494
2870.068442
2870.996297
2871.924062
2872.851739
2873.77933
2874.706837
2875.634259
2876.561599
2877.488854
2878.416025
2879.343108
2880.270101
2881.197001
2882.123804
2883.050504
2883.977098
2884.90358
2885.829947
2886.756193
2887.682315
2888.60831
2889.534175
2890.459911
2891.385516
2892.31099
2893.236337
2894.161557
2895.086655
2896.011633
2896.936497
2897.86125
2898.785897
2899.710443
2900.63489
2901.559243
2902.483505
2903.407677
2904.331762
2905.25576
2906.17967
2907.103491
2908.027223
2908.950863
2909.874407
2910.797854
2911.721199
2912.64444
2913.567573
2914.490594
2915.413501
2916.33629
2917.258962
2918.181512
2919.103941
2920.026249
2920.948437
2921.870505
2922.792456
2923.714292
2924.636017
2925.557634
2926.479147
2927.40056
2928.321877
2929.243102
2930.164238
2931.085288
2932.006255
2932.92714
2933.847943
2934.768665
2935.689304
2936.609858
2937.530325
2938.450701
2939.370981
2940.291162
2941.211239
2942.131206
2943.051061
2943.970799
2944.890416
2945.80991
2946.72928
2947.648524
2948.567642
2949.486636
2950.405507
2951.324257
2952.242889
2953.161406
2954.079813
2954.998112
2955.916306
2956.8344
2957.752394
2958.670292
2959.588095
2960.505803
2961.423417
2962.340937
2963.258361
2964.175691
2965.092923
2966.010058
2966.927094
2967.844031
2968.760868
2969.677605
2970.594242
2971.510778
2972.427214
2973.343549
2974.259785
2975.175919
2976.091953
2977.007884
2977.923713
2978.839436
2979.755053
2980.670561
2981.585958
2982.501243
2983.416413
2984.331466
2985.246402
2986.16122
2987.075919
2987.990502
2988.904968
2989.81932
2990.733561
2991.647692
2992.561717
2993.475638
2994.389458
2995.303179
2996.216803
2997.130331
2998.043762
2998.957095
2999.870329
3000.783463
3001.696491
3002.609412
3003.52222
3004.434912
3005.347485
3006.259935
3007.172258
3008.084453
3008.996518
3009.908452
3010.820257
3011.731934
3012.643486
3013.554915
3014.466225
3015.377421
3016.288508
3017.199491
3018.110373
3019.02116
3019.931856
3020.842464
3021.752986
3022.663425
3023.573782
3024.484057
3025.39425
3026.30436
3027.214386
3028.124327
3029.034179
3029.94394
3030.853608
3031.763179
3032.672652
3033.582024
3034.491291
3035.400453
3036.309508
3037.218453
3038.127288
3039.036013
3039.944627
3040.85313
3041.761524
3042.66981
3043.577989
3044.486063
3045.394033
3046.301902
3047.209672
3048.117344
3049.024919
3049.932399
3050.839784
3051.747075
3052.654271
3053.561372
3054.468375
3055.375281
3056.282087
3057.188791
3058.095392
3059.001887
3059.908275
3060.814555
3061.720727
3062.626789
3063.532742
3064.438588
3065.344326
3066.24996
3067.15549
3068.060919
3068.966248
3069.871479
3070.776612
3071.681648
3072.586587
3073.491427
3074.396168
3075.300807
3076.205342
3077.109769
3078.014084
3078.918286
3079.82237
3080.726335
3081.630178
3082.533897
3083.437493
3084.340967
3085.24432
3086.147555
3087.050675
3087.953685
3088.856591
3089.759397
3090.662108
3091.564732
3092.467271
3093.36973
3094.272113
3095.174421
3096.076655
3096.978815
3097.880899
3098.782904
3099.684826
3100.58666
3101.488399
3102.390039
3103.291571
3104.19299
3105.094288
3105.995462
3106.896504
3107.797412
3108.698183
3109.598815
3110.499308
3111.399663
3112.299883
3113.199972
3114.099934
3114.999775
3115.899501
3116.799118
3117.698633
3118.598052
3119.49738
3120.396621
3121.295779
3122.194857
3123.093856
3123.992774
3124.891611
3125.790365
3126.689031
3127.587607
3128.486087
3129.384467
3130.282743
3131.180911
3132.078967
3132.976909
3133.874736
3134.772446
3135.67004
3136.56752
3137.464888
3138.362145
3139.259296
3140.156342
3141.053286
3141.950131
3142.846878
3143.743527
3144.640078
3145.536531
3146.432882
3147.329128
3148.225267
3149.121294
3150.017205
3150.912996
3151.808664
3152.704206
3153.59962
3154.494906
3155.390065
3156.285098
3157.180009
3158.074802
3158.969483
3159.864057
3160.75853
3161.652911
3162.547202
3163.441411
3164.33554
3165.229593
3166.123571
3167.017473
3167.911299
3168.805044
3169.698704
3170.592274
3171.485747
3172.379117
3173.272378
3174.165522
3175.058545
3175.951442
3176.844209
3177.736844
3178.629348
3179.521721
3180.413965
3181.306084
3182.198084
3183.089968
3183.981743
3184.873414
3185.764985
3186.65646
3187.547842
3188.439133
3189.330334
3190.221442
3191.112458
3192.003376
3192.894196
3193.784911
3194.675519
3195.566016
3196.4564
3197.346669
3198.236821
3199.126857
3200.01678
3200.906591
3201.796294
3202.685894
3203.575393
3204.464797
3205.354109
3206.243331
3207.132465
3208.021512
3208.910471
3209.799339
3210.688113
3211.576789
3212.465361
3213.353825
3214.242175
3215.130407
3216.018517
3216.906502
3217.794361
3218.682095
3219.569705
3220.457194
3221.344566
3222.231826
3223.118979
3224.006031
3224.892986
3225.779847
3226.666619
3227.553302
3228.439897
3229.326404
3230.212822
3231.099147
3231.985378
3232.871511
3233.757545
3234.643477
3235.529306
3236.415031
3237.300652
3238.18617
3239.071586
3239.956902
3240.842118
3241.727236
3242.612257
3243.497181
3244.382005
3245.266727
3246.151345
3247.035853
3247.920246
3248.804518
3249.688665
3250.572682
3251.456564
3252.34031
3253.223921
3254.107396
3254.99074
3255.87396
3256.757063
3257.640057
3258.522953
3259.40576
3260.288489
3261.171148
3262.053744
3262.936281
3263.818764
3264.701193
3265.583564
3266.465874
3267.348118
3268.230286
3269.112371
3269.994364
3270.876255
3271.758035
3272.639698
3273.521237
3274.402649
3275.283931
3276.165081
3277.046101
3277.926994
3278.807762
3279.68841
3280.568942
3281.449364
3282.329679
3283.209891
3284.090004
3284.970021
3285.849945
3286.729776
3287.609515
3288.489164
3289.36872
3290.248184
3291.127555
3292.006832
3292.886013
3293.765095
3294.644078
3295.522958
3296.401733
3297.2804
3298.158955
3299.037396
3299.915717
3300.793918
3301.671994
3302.549944
3303.427767
3304.305461
3305.183029
3306.060471
3306.937791
3307.814993
3308.692081
3309.569059
3310.445934
3311.322709
3312.199389
3313.075978
3313.952479
3314.828892
3315.705219
3316.581458
3317.457607
3318.333663
3319.209622
3320.08548
3320.961234
3321.836879
3322.712412
3323.587832
3324.463137
3325.338327
3326.213405
3327.088372
3327.963233
3328.83799
3329.71265
3330.587216
3331.461692
3332.336082
3333.210388
3334.08461
3334.95875
3335.832804
3336.706771
3337.580646
3338.454424
3339.328098
3340.201662
3341.07511
3341.948434
3342.821628
3343.694687
3344.567607
3345.440386
3346.313021
3347.185513
3348.057866
3348.930084
3349.802172
3350.674138
3351.54599
3352.417738
3353.28939
3354.160956
3355.032443
3355.903857
3356.775203
3357.646483
3358.517697
3359.388841
3360.25991
3361.130896
3362.001789
3362.872579
3363.743253
3364.613802
3365.484213
3366.354479
3367.224595
3368.094557
3368.964365
3369.834025
3370.703544
3371.572934
3372.442207
3373.311379
3374.180466
3375.049482
3375.918442
3376.787356
3377.656232
3378.525073
3379.393878
3380.262642
3381.131355
3382.000005
3382.868578
3383.737057
3384.605427
3385.473671
3386.341778
3387.209737
3388.07754
3388.945186
3389.812674
3390.680011
3391.547204
3392.414264
3393.281204
3394.148036
3395.014773
3395.881425
3396.747999
3397.614501
3398.480932
3399.34729
3400.21357
3401.079765
3401.94587
3402.811873
3403.677769
3404.543549
3405.409208
3406.274742
3407.14015
3408.005434
3408.870597
3409.735645
3410.600584
3411.465423
3412.33017
3413.194831
3414.059413
3414.92392
3415.788353
3416.652713
3417.516997
3418.381202
3419.245322
3420.109352
3420.973285
3421.837118
3422.700844
3423.564461
3424.427966
3425.291357
3426.154636
3427.017804
3427.880862
3428.743813
3429.606661
3430.469407
3431.332052
3432.194597
3433.057042
3433.919384
3434.781622
3435.643751
3436.505768
3437.367669
3438.229449
3439.091106
3439.952637
3440.81404
3441.675314
3442.536461
3443.397483
3444.258383
3445.119167
3445.979839
3446.840406
3447.700874
3448.561249
3449.421535
3450.281738
3451.14186
3452.001905
3452.861872
3453.721763
3454.581574
3455.441306
3456.300952
3457.160512
3458.019978
3458.879349
3459.738619
3460.597785
3461.456844
3462.315793
3463.17463
3464.033354
3464.891961
3465.750452
3466.608825
3467.467077
3468.325209
3469.18322
3470.041109
3470.89888
3471.756533
3472.614074
3473.471509
3474.328843
3475.186086
3476.043246
3476.900332
3477.757352
3478.614314
3479.471224
3480.328087
3481.184902
3482.041668
3482.898378
3483.755025
3484.611596
3485.468078
3486.324457
3487.18072
3488.036854
3488.892848
3489.748695
3490.604391
3491.459933
3492.315327
3493.170577
3494.025693
3494.88069
3495.735578
3496.590371
3497.445075
3498.299695
3499.15423
3500.008678
3500.86303
3501.71728
3502.57142
3503.425441
3504.279337
3505.133102
3505.986734
3506.84023
3507.693592
3508.546822
3509.399919
3510.252888
3511.105729
3511.958447
3512.811045
3513.663531
3514.515913
3515.368197
3516.220387
3517.072482
3517.924476
3518.776366
3519.628148
3520.479822
3521.331391
3522.182862
3523.034245
3523.885551
3524.736793
3525.587983
3526.439134
3527.290252
3528.141343
3528.992408
3529.843442
3530.694436
3531.545377
3532.396246
3533.247024
3534.097691
3534.948229
3535.798624
3536.648865
3537.498944
3538.348862
3539.198621
3540.048227
3540.897688
3541.747015
3542.596216
3543.445299
3544.294269
3545.143127
3545.991872
3546.840501
3547.68901
3548.537394
3549.385652
3550.233782
3551.081792
3551.929688
3552.777486
3553.625201
3554.472854
3555.320466
3556.168056
3557.015641
3557.86323
3558.710828
3559.558432
3560.406029
3561.253604
3562.101133
3562.948591
3563.795952
3564.643194
3565.490295
3566.337238
3567.184015
3568.030622
3568.877059
3569.723334
3570.569458
3571.415444
3572.261303
3573.107048
3573.952687
3574.798226
3575.643664
3576.488998
3577.334223
3578.179332
3579.024315
3579.869169
3580.713888
3581.558474
3582.40293
3583.247265
3584.091488
3584.935612
3585.77965
3586.623613
3587.467509
3588.311346
3589.155124
3589.998844
3590.842499
3591.686085
3592.529595
3593.37302
3594.216356
3595.0596
3595.90275
3596.74581
3597.588786
3598.431684
3599.27451
3600.117271
3600.95997
3601.802604
3602.645169
3603.487656
3604.330055
3605.172352
3606.014536
3606.856592
3607.698513
3608.540291
3609.381924
3610.223416
3611.064772
3611.906005
3612.74713
3613.588162
3614.429115
3615.270003
3616.110833
3616.951606
3617.79232
3618.632967
3619.473533
3620.314004
3621.154362
3621.994592
3622.83468
3623.674614
3624.514389
3625.354003
3626.193458
3627.03276
3627.871919
3628.710944
3629.549846
3630.388635
3631.227315
3632.065892
3632.904366
3633.742738
3634.581007
3635.419173
3636.257237
3637.095204
3637.933081
3638.77088
3639.608614
3640.446298
3641.283945
3642.121567
3642.959173
3643.796766
3644.634345
3645.471902
3646.309422
3647.146888
3647.984274
3648.821553
3649.658696
3650.495674
3651.33246
3652.169032
3653.005375
3653.841483
3654.677357
3655.513006
3656.348446
3657.1837
3658.018795
3658.853763
3659.688633
3660.523435
3661.358193
3662.192928
3663.02765
3663.862365
3664.697068
3665.531749
3666.366392
3667.200977
3668.035482
3668.869886
3669.70417
3670.538319
3671.372325
3672.206183
3673.039897
3673.873473
3674.706921
3675.540252
3676.373478
3677.206608
3678.039651
3678.87261
3679.705487
3680.53828
3681.370983
3682.203591
3683.036099
3683.868505
3684.700813
3685.533033
3686.36518
3687.197276
3688.029343
3688.861402
3689.69347
3690.525557
3691.357664
3692.189782
3693.021891
3693.853963
3694.685961
3695.517842
3696.349562
3697.181079
3698.012362
3698.843389
3699.674157
3700.504679
3701.334983
3702.165108
3702.9951
3703.825003
3704.654858
3705.484697
3706.314537
3707.144386
3707.974238
3708.804076
3709.633876
3710.46361
3711.293251
3712.122781
3712.952188
3713.781476
3714.610659
3715.439765
3716.268823
3717.097865
3717.926915
3718.755981
3719.585051
3720.414092
3721.243052
3722.071861
3722.900445
3723.728731
3724.556662
3725.384202
3726.21135
3727.038137
3727.864632
3728.690932
3729.517155
3730.343428
3731.169865
3731.996556
3732.823555
3733.650867
3734.47845
3735.306219
3736.134049
3736.961793
3737.789292
3738.616398
3739.442986
3740.268973
3741.094325
3741.919069
3742.743286
3743.567104
3744.390679
3745.214179
3746.037751
3746.861515
3747.685544
3748.509863
3749.334454
3750.159259
3750.984192
3751.809151
3752.634031
3753.458741
3754.283219
3755.107443
3755.931441
3756.755285
3757.579078
3758.402928
3759.226929
3760.051137
3760.875559
3761.700156
3762.524847
3763.349519
3764.174048
3764.998308
3765.822193
3766.645632
3767.468608
3768.291175
3769.113473
3769.935723
3770.758194
3771.581157
3772.404825
3773.229309
3774.054595
3774.880545
3775.70691
3776.533347
3777.359437
3778.184701
3779.008608
3779.83059
3780.650065
3781.466479
3782.279382
3783.088575
3783.894268
3784.697157
3785.498317
3786.299001
3787.100451
3787.903793
3788.709831
3789.51897
3790.331293
3791.146658
3791.964777
3792.785261
3793.607652
3794.431447
3795.256124
3796.081166
3796.906103
3797.730537
3798.554176
3799.376861
3800.198565
3801.019396
3801.839555
3802.659286
3803.478823
3804.298353
3805.117987
3805.937768
3806.757676
3807.577645
3808.397578
3809.217361
3810.036889
3810.856075
3811.674866
3812.493247
3813.311247
3814.128957
3814.946511
3815.764068
3816.581779
3817.399768
3818.218102
3819.036788
3819.855774
3820.674976
3821.494284
3822.313579
3823.132735
3823.951643
3824.770209
3825.58836
3826.406057
3827.223311
3828.040176
3828.856729
3829.67306
3830.48925
3831.305361
3832.121424
3832.937443
3833.753406
3834.569292
3835.385074
3836.200713
3837.016167
3837.831397
3838.646397
3839.461199
3840.275887
3841.090614
3841.905552
3842.720766
3843.536223
3844.351858
3845.167601
3845.983392
3846.799194
3847.615005
3848.430838
3849.246702
3850.062632
3850.878609
3851.694554
3852.510423
3853.326227
3854.142073
3854.957942
3855.773785
3856.589527
3857.405048
3858.220223
3859.03496
3859.849189
3860.662852
3861.475939
3862.288484
3863.10065
3863.912524
3864.724271
3865.536181
3866.348409
3867.161022
3867.973914
3868.786997
3869.600163
3870.413213
3871.225993
3872.038358
3872.850131
3873.661147
3874.471437
3875.281146
3876.090486
3876.899703
3877.709845
3878.521371
3879.334613
3880.149702
3880.966534
3881.784793
3882.604047
3883.423985
3884.244061
3885.063841
3885.882692
3886.699951
3887.515173
3888.327463
3889.135346
3889.936877
3890.73262
3891.52431
3892.31228
3893.097794
3893.885893
3894.678541
3895.474819
3896.275699
3897.080874
3897.889439
3898.700834
3899.514567
3900.329573
3901.144858
3901.959999
3902.774014
3903.587261
3904.399062
3905.209578
3906.019524
3906.829378
3907.639059
3908.449306
3909.260582
3910.072461
3910.8845
3911.69634
3912.50704
3913.315797
3914.122606
3914.927295
3915.730007
3916.530968
3917.329302
3918.12873
3918.928343
3919.729298
3920.532013
3921.336666
3922.14352
3922.952172
3923.763976
3924.57732
3925.391945
3926.206865
3927.021485
3927.835285
3928.647497
3929.45827
3930.268115
3931.077458
3931.886258
3932.694224
3933.502344
3934.311773
3935.123126
3935.937188
3936.753187
3937.57133
3938.389998
3939.209136
3940.027861
3940.847049
3941.664177
3942.479595
3943.292466
3944.1028
3944.911534
3945.717671
3946.521137
3947.322283
3948.121637
3948.921157
3949.719651
3950.518933
3951.319376
3952.120822
3952.924828
3953.731669
3954.541378
3955.354696
3956.171556
3956.989684
3957.808791
3958.627226
3959.445539
3960.262758
3961.078315
3961.892186
3962.704163
3963.514236
3964.322542
3965.130425
3965.93739
3966.744011
3967.54914
3968.35371
3969.158049
3969.962517
3970.767061
3971.571196
3972.37724
3973.184054
3973.99229
3974.799431
3975.606628
3976.414555
3977.221311
3978.028446
3978.836954
3979.648852
3980.46327
3981.28114
3982.099355
3982.918725
3983.738588
3984.557336
3985.374124
3986.191479
3987.006587
3987.820045
3988.632032
3989.442267
3990.251849
3991.060103
3991.868873
3992.676723
3993.485405
3994.296248
3995.107216
3995.92138
3996.738241
3997.557483
3998.38013
3999.205817
4000.032744
4000.860425
4001.69071
4002.52172
4003.355177
4004.188361
4005.019615
4005.848672
4006.677836
4007.502721
4008.325338
4009.1444
4009.96083
4010.775539
4011.588661
4012.40125
4013.215469
4014.031899
4014.853102
4015.676943
4016.503128
4017.333673
4018.167364
4019.002385
4019.839838
4020.679181
4021.520225
4022.363658
4023.209186
4024.055233
4024.897917
4025.739644
4026.579463
4027.419988
4028.257081
4029.09228
4029.929224
4030.764749
4031.599368
4032.434896
4033.273158
4034.113804
4034.955877
4035.800297
4036.647325
4037.494575
4038.342824
4039.191943
4040.042529
4040.895783
4041.752359
4042.607093
4043.462131
4044.318533
4045.1768
4046.039468
4046.907034
4047.776268
4048.648716
4049.523353
4050.40063
4051.278822
4052.157968
4053.040171
4053.924458
4054.813927
4055.706839
4056.603973
4057.504638
4058.409858
4059.318494
4060.229405
4061.14361
4062.059299
4062.97616
4063.891084
4064.804536
4065.713928
4066.618933
4067.518909
4068.415366
4069.305545
4070.196278
4071.085401
4071.972936
4072.859839
4073.740351
4074.62317
4075.504578
4076.387546
4077.269943
4078.153705
4079.045185
4079.940147
4080.841141
4081.751854
4082.667623
4083.589526
4084.516248
4085.449309
4086.38702
4087.329387
4088.275982
4089.224636
4090.176309
4091.13023
4092.085725
4093.043841
4094.002384
4094.959709